minOrder/maxOrder:
2 6
2:
-0.5773502692 0.5773502692
1 1
3:
-0.7745966692 0 0.7745966692
0.5555555555 0.8888888888 0.5555555555
4: 
-0.8611363116 -0.3399810436 0.3399810436 0.8611363116
0.3478548451 0.6521451549 0.6521451549 0.3478548451
5:
-0.9061798459 -0.5384693101 0 0.5384693101 0.9061798459
0.23692688506 0.4786286705 0.5688888888 0.4786286705 0.23692688506
6:
-0.9324695142 -0.6612093865 -0.2386191861 0.2386191861 0.6612093865 0.9324695142
0.1713244924 0.3607615731 0.4679139346 0.4679139346 0.3607615731 0.1713244924