0.0342938 0.279319 0.314951 0.279319 0.0342938 
0.00247238 0.0227995 0.0256069 0.0227995 0.00247238 
-0.00247238 -0.000246854 9.45379e-21 0.000246854 0.00247238 
0.00375694 0.0227995 0.0256069 0.0227995 0.00375694 
-0.00375694 -0.000684033 8.91958e-19 0.000684033 0.00375694 
0.00458188 0.0227992 0.0256068 0.0227992 0.00458188 
-0.00458188 -0.000965065 -1.73679e-18 0.000965065 0.00458188 
0.406701 0.333332 0.333333 0.333332 0.406701 
1.42001 1.42001
~~~~~~~~~~~
0.0378739 0.275391 0.313614 0.275391 0.0378739 
0.00257835 0.02249 0.0255016 0.02249 0.00257835 
-0.00257835 -0.000264803 3.47877e-18 0.000264803 0.00257835 
0.00401503 0.02249 0.0255016 0.02249 0.00401503 
-0.00401503 -0.00073377 1.55829e-18 0.00073377 0.00401503 
0.00498394 0.0224897 0.0255014 0.0224897 0.00498394 
-0.00498394 -0.0010352 -1.66347e-18 0.0010352 0.00498394 
0.411653 0.333332 0.333333 0.333332 0.411653 
1.41362 1.41362
~~~~~~~~~~~
0.0381439 0.275169 0.313538 0.275169 0.0381439 
0.00258584 0.0224725 0.0254956 0.0224725 0.00258584 
-0.00258584 -0.000265819 1.74404e-18 0.000265819 0.00258584 
0.00403303 0.0224725 0.0254956 0.0224725 0.00403303 
-0.00403303 -0.000736584 5.89413e-19 0.000736584 0.00403303 
0.00501218 0.0224722 0.0254955 0.0224722 0.00501218 
-0.00501218 -0.00103916 -1.6236e-18 0.00103916 0.00501218 
0.411976 0.333332 0.333333 0.333332 0.411976 
1.4132 1.4132
~~~~~~~~~~~
0.0381615 0.275154 0.313533 0.275154 0.0381615 
0.00258632 0.0224714 0.0254952 0.0224714 0.00258632 
-0.00258632 -0.000265884 9.31772e-21 0.000265884 0.00258632 
0.0040342 0.0224714 0.0254952 0.0224714 0.0040342 
-0.0040342 -0.000736766 4.4606e-19 0.000736766 0.0040342 
0.00501402 0.022471 0.0254951 0.022471 0.00501402 
-0.00501402 -0.00103942 -8.83879e-19 0.00103942 0.00501402 
0.411997 0.333332 0.333333 0.333332 0.411997 
1.41318 1.41318
~~~~~~~~~~~
0.0381627 0.275153 0.313533 0.275153 0.0381627 
0.00258635 0.0224713 0.0254952 0.0224713 0.00258635 
-0.00258635 -0.000265889 1.74404e-18 0.000265889 0.00258635 
0.00403428 0.0224713 0.0254952 0.0224713 0.00403428 
-0.00403428 -0.000736778 1.27563e-18 0.000736778 0.00403428 
0.00501415 0.022471 0.0254951 0.022471 0.00501415 
-0.00501415 -0.00103944 -1.32783e-18 0.00103944 0.00501415 
0.411999 0.333332 0.333333 0.333332 0.411999 
1.41317 1.41317
~~~~~~~~~~~
